{'int': 0.8865399027875027, 'ple': 0.14068000604003744, 'dec': 0.11088710246673102}
For subchallenge 1:
	Score = 28.05
	int = 0.886
	ple = 0.150
	dec = 0.119
