[1.08343488 0.56499607 0.24180597 ... 0.09379212 1.62377257 1.27931129]
For subchallenge 1:
	Score = 27.27
	int = 0.887
	ple = 0.141
	dec = 0.111
